[3, 0, 2, 1]
[14, 0, 9, 5, 8, 6]
[45, 0, 28, 17, 25, 20, 24, 21]
[372, 0, 225, 147, 202, 170, 195, 177, 192, 180]
[315, 0, 186, 129, 168, 147, 163, 152, 161, 154, 160, 155]
[3810, 0, 2205, 1605, 2004, 1806, 1953, 1857, 1934, 1876, 1925, 1885, 1920, 1890]
[26775, 0, 15240, 11535, 13935, 12840, 13632, 13143, 13527, 13248, 13480, 13295, 13455, 13320, 13440, 13335]
[143080, 0, 80325, 62755, 73870, 69210, 72495, 70585, 72052, 71028, 71865, 71215, 71770, 71310, 71715, 71365, 71680, 71400]
[128898, 0, 71540, 57358, 66143, 62755, 65085, 63813, 64768, 64130, 64642, 64256, 64581, 64317, 64547, 64351, 64526, 64372, 64512, 64386]
[1289610, 0, 708939, 580671, 658672, 630938, 649572, 640038, 647034, 642576, 646085, 643525, 645648, 643962, 645414, 644196, 645274, 644336, 645183, 644427, 645120, 644490]
[4729725, 0, 2579220, 2150505, 2407041, 2322684, 2378152, 2351573, 2370641, 2359084, 2368000, 2361725, 2366845, 2362880, 2366252, 2363473, 2365909, 2363816, 2365692, 2364033, 2365545, 2364180, 2365440, 2364285]

